Первые 10 шагов (Дистанция 500, Ускорение 10.4)
10
9.604
8.836
7.744
6.4
4.9
3.364
1.936
0.784
0.1
Первые 20 шагов (G Земли Дистанция 5000, Ускорение 9.9)
100
99.599
98.791
97.564
95.9
93.775
91.159
88.016
84.304
79.975
74.975
69.244
62.716
55.319
46.975
37.6
27.104
15.391
2.359
0
Первые 20 шагов (G Луны (2), Дистанция 5000, Ускорение 1.9)
100
99.599
98.791
97.564
95.9
93.775
91.159
88.016
84.304
79.975
74.975
69.244
62.716
55.319
46.975
37.6
27.104
15.391
2.359
0

30 шагов (Земля)
5000
4960.1
4880.9
4763.6
4610
4422.5
4204.1
3958.4
3689.6
3402.5
3102.5
2795.6
2488.4
2188.1
1902.5
1640
1409.6
1220.9
1084.1
1010
1010
1096.1
1280.9
1577.6
2000
2562.5
3280.1
4168.4
5243.6
6522.5

